126,52
126,51
126,50
126,49
126,48
126,47
126,46
126,45
126,44
126,43
126,42
126,41
126,40
126,39
126,38
126,37
126,36
126,35
10,237
10,273
10,95
10,205
10,35
10,27
11,9
11,7
11,16
8,12
90,4
90,3
90,1
88,3
88,1
20,3
20,2
20,1
19,3
19,2
19,1
12,3
12,2
12,1
11,30
11,29
11,27
11,25
11,24
11,23
11,21
11,20
11,19
11,15
11,14
11,12
11,10
11,8
11,5
11,4
11,3
11,2
11,1
10,302
10,277
10,275
10,271
10,263
10,258
10,233
10,217
10,209
10,201
10,167
10,165
18,1
10,138
18,3
14,1
10,124
14,3
13,1
13,3
10,123
10,105
10,80
10,70
10,67
10,12
10,11
10,9
10,3
10,2
10,1
9,7
9,6
9,5
9,4
9,3
9,2
9,1
8,18
8,17
8,16
8,15
8,14
8,13
